77,5
71,2
93,35
10,246
10,198
10,254
10,200
10,206
10,124
10,78
10,4
10,2
10,3
11,8
11,4
11,10
9,7
9,6
9,4
9,2
9,3
8,11
8,16
8,6
8,15
8,13
8,2
8,3
92,5
92,4
92,3
92,2
92,1
92,0
89,3
89,2
89,1
89,0
87,6
87,5
87,4
87,3
87,2
87,1
87,0
84,3
84,2
84,1
84,0
78,3
78,1
77,4
77,3
77,1
75,3
75,1
73,3
73,1
71,4
71,3
71,1
68,3
68,1
20,3
20,2
20,1
19,3
19,2
19,1
17,3
17,2
17,1
16,3
16,2
16,1
15,3
15,2
15,1
14,2
13,2
12,3
12,2
12,1
11,29
11,28
11,27
11,26
11,25
11,24
11,23
11,22
11,21
11,20
11,19
11,18
11,17
11,16
11,15
11,14
11,13
11,7
11,5
11,3
11,2
11,1
10,295
10,280
10,273
10,245
10,214
10,207
10,169
10,165
10,150
10,114
10,1
10,13
9,1
9,5
8,12
8,9
8,7
18,1
